Stratis
Stored:  4476.23   4397.53
Stored:  2171.31   4685.86
Stored:  1701.85   5087.92
Stored:  1609.16   4940.66
Stored:  2030.64   5266.25
Stored:  2150.03   5368.41
Stored:  2157.37   5463.19
Stored:  2187.60   5490.05
Stored:  2076.97   5569.23
Stored:  2179.48   5760.25
Stored:  2438.99   5643.67
Stored:  2489.80   5627.11
Stored:  2580.67   5612.56
Stored:  3113.41   5717.56
Stored:  2887.54   6061.64
Stored:  3097.94   5924.98
Stored:  3142.01   6226.53
Stored:  3087.41   6157.20
Stored:  3109.84   5851.92
Stored:  3324.26   5694.51
Stored:  3572.35   5643.18
Stored:  3471.28   5724.68
Stored:  3623.24   5468.90
Stored:  3590.43   5260.43
Stored:  3540.07   5300.88
Stored:  3790.38   4932.26
Stored:  3805.41   4731.06
Stored:  3605.15   4429.19
Stored:  3842.92   3629.22
Stored:  3782.12   3735.12
Stored:  4096.38   3439.36
Stored:  4136.37   3293.49
Stored:  4207.63   3104.38
Stored:  4794.02   3395.33
Stored:  5532.52   4825.59
Stored:  5269.92   5116.06
Stored:  5229.24   5209.44
Stored:  5071.46   5431.65
Stored:  4947.37   5452.61
Stored:  3041.16   6214.73
Stored:  2718.08   5925.62
Stored:  2131.36   5006.28
Stored:  2484.44   4601.50
Stored:  2517.14   3405.91
Stored:  2141.12   2671.61
Stored:  2280.95   2042.90
Stored:  3018.90   1771.16
Stored:  3321.27   2083.76
Stored:  3500.78   2718.78
Stored:  3627.08   2853.09
Stored:  3667.93   2887.25
Stored:  3821.60   3157.00

Malden

[[7495.89 ,  7875.66],
[7044.88 ,  7667.85],
[7079.26 ,  5853.74],
[3049.58 ,  5979.56],
[5406.18 ,  2700.10],
[5694.01 ,  3524.94],
[7532.28 ,  3892.76],
[7033.92 ,  6037.20],
[7047.59 ,  5981.26],
[7225.15 ,  6032.35],
[7006.44 ,  6421.64],
[6597.11 ,  6531.71],
[7460.53 ,  6019.80],
[7432.14 ,  6033.06],
[7240.59 ,  5656.60],
[7360.46 ,  5654.65],
[7132.92 ,  6439.17],
[7150.54 ,  6403.56],
[7033.67 ,  7186.99],
[7058.41 ,  7216.56],
[7138.75 ,  7203.27],
[7224.46 ,  7210.64],
[7067.14 ,  7424.35],
[6923.26 ,  7423.03],
[6885.16 ,  7316.13],
[6829.69 ,  7285.01],
[6849.79 ,  7292.41],
[7029.84 ,  7646.23],
[7171.00 ,  7752.89],
[7232.91 ,  7763.85],
[7254.17 ,  7820.53],
[7255.87 ,  7921.55],
[7251.94 ,  8055.11],
[7312.38 ,  8748.32],
[7220.00 ,  8923.66],
[7297.27 ,  9063.60],
[7357.65 ,  9093.16],
[7412.32 ,  9148.21],
[7656.62 ,  9265.43],
[7783.55 ,  9305.03],
[7833.76 ,  9918.32],
[7991.51 ,  9673.14],
[7791.13 , 10135.00],
[7127.96 , 10110.30],
[7015.68 , 10073.70],
[7098.27 ,  9816.98],
[5514.84 ,  8702.19],
[5485.49 ,  8733.12],
[5333.67 ,  8683.35],
[4835.41 ,  8475.59],
[4760.39 ,  8487.97],
[4553.80 ,  8165.64],
[4440.48 ,  8130.12],
[3174.85 ,  6775.42],
[3170.88 ,  6703.82],
[3148.72 ,  6599.65],
[3144.93 ,  6504.79],
[3150.49 ,  6359.05],
[3034.61 ,  6261.21],
[3053.81 ,  6272.59],
[3071.57 ,  6195.17],
[2906.61 ,  5837.53],
[2720.13 ,  5776.02],
[2922.04 ,  5590.04],
[2805.78 ,  5442.82],
[2702.51 ,  5254.02],
[2409.99 ,  5499.55],
[1661.01 ,  4656.98],
[1750.48 ,  4643.82]]

Bootcamp_ACR

[[ 1584.86, 1451.43],
[ 1871.11, 1564.15],
[ 1964.38, 1681.72],
[ 2024.49, 2435.89],
[ 2093.53, 1781.83],
[ 2107.99, 1849.30],
[ 1684.52, 1095.37],
[ 1571.57, 1085.73],
[ 1520.43,  853.24],
[ 1574.71,  968.55],
[ 1421.43, 1104.73],
[ 1801.96, 1311.71],
[ 1887.48, 1147.65],
[ 2399.14,  512.16],
[ 2154.30,  224.82],
[ 2076.19,  651.75],
[ 2116.01,  892.79],
[ 2340.92,  875.25],
[ 2755.27,  657.49],
[ 2821.57,  275.31],
[ 2559.65,  359.92],
[ 2516.88,  975.81],
[ 2666.87, 1301.25],
[ 2780.59, 1849.73],
[ 2984.98, 1705.03],
[ 2676.03, 2190.03],
[ 2314.95, 1838.81],
[ 2345.29, 1796.35],
[ 2760.86, 1737.93],
[ 2518.43, 1879.04],
[ 2731.33, 1571.72],
[ 2791.03, 1465.37],
[ 2010.62, 1454.06],
[ 1967.29, 1646.11],
[ 1779.93, 1817.46],
[ 1736.26, 1837.29],
[ 2101.73, 2043.74],
[ 2047.53, 2084.55],
[ 1583.04, 1953.61],
[ 1276.66, 2637.61],
[ 1254.11, 2814.72],
[  851.99, 2266.64],
[  968.97, 1934.37],
[ 1125.35, 1780.48],
[ 1308.34, 1834.76],
[ 1581.74, 1464.91],
[ 3275.75, 2675.67],
[ 3219.66, 1840.48],
[ 3121.45, 2308.19],
[ 3045.92, 2390.86],
[ 2754.01, 2304.39],
[ 2612.83, 2511.52],
[ 2161.10, 2173.26]]

Takistan

[[3346.03  , 9634.84],
[3254.36  , 9747.12],
[2997.10  ,10158.70],
[2293.88  , 9482.27],
[2266.72  , 9014.08],
[2870.27  , 9000.88],
[3733.85  , 8912.05],
[3759.70  , 9210.24],
[4073.93  , 9436.50],
[4567.94  , 9493.99],
[5609.09  , 8928.76],
[4871.81  , 9089.08],
[4935.77  , 9167.02],
[5015.27  , 9441.32],
[5699.86  , 8816.02],
[5825.99  , 9009.24],
[5015.99  , 8874.82],
[5106.00  , 8681.20],
[5653.04  , 8784.28],
[6529.63  , 8939.22],
[5913.79  , 7239.13],
[6638.01  , 7406.12],
[6669.17  , 7420.36],
[6664.16  , 7183.19],
[5987.49  , 5683.18],
[5660.43  , 5973.86],
[5328.33  , 6207.70],
[5058.53  , 6078.07],
[4969.33  , 6010.54],
[5230.09  , 5118.18],
[5267.83  , 4998.12],
[4973.51  , 4740.71],
[4212.85  , 4571.69],
[3704.29  , 4399.69],
[3531.41  , 3948.97],
[3197.64  , 3617.18],
[3647.26  ,16141.60],
[1951.26  , 7598.99],
[1934.19  , 7628.65],
[2119.57  , 7664.60],
[1959.51  , 7652.81],
[1943.72  , 7696.19],
[1954.54  , 7686.75],
[5921.59  ,11316.20],
[5737.08  ,11233.20],
[5711.38  ,11285.90],
[5770.12  ,11271.30],
[5798.97  ,11304.10],
[6126.00  ,11510.20],
[6376.27  ,11391.20],
[6265.85  ,11343.00],
[6226.56  ,11239.10],
[6316.33  ,11245.80],
[6368.68  ,11371.00],
[6344.83  ,11453.00],
[6354.08  ,11474.60],
[6613.71  ,11431.70],
[6625.33  ,11387.50],
[6587.63  ,11326.00],
[6694.08  ,11057.40],
[6911.81  ,10874.70],
[6940.43  ,10799.70],
[6969.11  ,10789.40],
[6963.60  ,10730.20],
[6997.80  ,10604.90],
[6429.97  , 8954.74],
[6436.31  , 8942.24],
[6586.71  , 8845.55],
[6621.73  , 8925.75],
[6654.65  , 8860.50],
[6752.80  , 8842.17],
[6774.33  , 8900.11],
[6994.82  , 8713.40],
[7019.78  , 8727.58],
[7151.68  , 8646.72],
[7126.77  , 8578.90],
[7047.06  , 8681.63],
[7021.75  , 8767.05],
[7163.27  , 8824.24]]


Chernarus_winter

[7086.90  , 2614.46],
[6848.07  , 2558.42],
[6819.55  , 2469.30],
[6720.83  , 2675.14],
[6770.92  , 2839.21],
[6725.91  , 3015.05],
[6851.09  , 3189.13],
[6839.30  , 3172.16],
[5993.55  , 2913.65],
[5409.45  , 3330.80],
[5326.28  , 3578.14],
[5344.65  , 2989.80],
[4547.84  , 2399.13],
[4538.66  , 2521.50],
[4561.44  , 2523.60],
[4753.43  , 2551.76],
[5760.82  , 4596.83],
[5787.02  , 4382.96],
[5265.73  , 4073.00],
[4525.02  , 4475.31],
[4371.42  , 4467.54],
[4125.04  , 4383.75],
[3314.65  , 3903.20],
[3232.49  , 3932.10],
[2897.85  , 3961.07],
[1647.30  , 3913.90],
[1938.26  , 2703.66],
[2139.37  , 2299.98],
[2000.44  , 2290.54],
[1968.30  , 2266.08],